ASV_1,ASV_2,ASV_3,ASV_4,ASV_5,ASV_6,ASV_7,ASV_8,ASV_9,ASV_10,ASV_11,ASV_12,ASV_13,ASV_14,ASV_15,ASV_16,ASV_17,ASV_18,ASV_19,ASV_20,ASV_21,ASV_22,ASV_23,ASV_24,ASV_25,ASV_26,ASV_27,ASV_28,ASV_29,ASV_30,ASV_31,ASV_32,ASV_33,ASV_34,ASV_35,ASV_36,ASV_37,ASV_38,ASV_39,ASV_40,ASV_41,ASV_42,ASV_43,ASV_44,ASV_45,ASV_46,ASV_47,ASV_48,ASV_49,ASV_50,ASV_51,ASV_52,ASV_53,ASV_54,ASV_55,ASV_56,ASV_57,ASV_58,ASV_59,ASV_60,ASV_61,ASV_62,ASV_63,ASV_64,ASV_65,ASV_66,ASV_67,ASV_68,ASV_69,ASV_70,ASV_71,ASV_72,ASV_73,ASV_74,ASV_75,ASV_76,ASV_77,ASV_78,ASV_79,ASV_80,ASV_81,ASV_82,ASV_83,ASV_84,ASV_85,ASV_86,ASV_87,ASV_88,ASV_89,ASV_90,ASV_91,ASV_92,ASV_93,ASV_94,ASV_95,ASV_96,ASV_97,ASV_98,ASV_99,ASV_100,ASV_101,ASV_102,ASV_103,ASV_104,ASV_105,ASV_106,ASV_107,ASV_108,ASV_109,ASV_110,ASV_111,ASV_112,ASV_113,ASV_114,ASV_115,ASV_116,ASV_117,ASV_118,ASV_119,ASV_120,ASV_121,ASV_122,ASV_123,ASV_124,ASV_125,ASV_126,ASV_127,ASV_128,ASV_129,ASV_130,elevation,extract-concen,amplicon-concentration,depth,ph,toc,ec,average humidity,average temperature,percentcover
1.0,0.2352202236494533,-0.30018071165070354,0.12557063774622307,0.17950970865114632,-0.03835181253778527,0.017889865828996987,-0.2452544122540337,-0.15552914856663488,-0.1496680949553012,0.571366884614126,-0.11868162025572432,-0.17864572903758721,-0.018999938379861494,-0.169497866956709,0.07118977347805377,-0.19193125774798833,0.2632570310370076,-0.13399876088299315,-0.16119683600647128,-0.10180650783649925,0.24118473488736342,-0.10149552861273109,-0.20397992608098522,-0.17791060636921943,-0.1046947348780282,-0.10443004496336014,-0.10387936898802595,-0.18305773009297135,-0.18872633762303542,0.08273759870032449,0.4036461524733923,-0.2002221016888685,0.09701608685321786,-0.14465813990603718,0.06264617891879819,0.01954293574056627,-0.10591030546859106,-0.10634673815670856,-0.1532232848889494,-0.037564194496810754,0.022530230837317703,-0.10786587968097246,0.03850779343741533,-0.15381009343476015,0.38267516268940455,-0.031472185367569606,-0.12549237018456774,0.07301454195911818,0.08985218447290103,0.2136647577899481,0.2795812621433798,-0.10844029065560389,-0.11670988352420388,-0.16744649548480087,-0.18091058569220894,-0.08802139310255418,0.15782792354086403,-0.10833904539705665,-0.17784314175178279,-0.11146637346194992,-0.12626390829944192,-0.1525907185665413,0.23086484804727075,-0.19498680376342648,-0.04629857997956591,0.3265713381316986,-0.12089097913948516,-0.1837406574393158,-0.1321313105288579,0.06403447238762593,-0.14249364916675256,0.05473991360790756,0.08213509879958655,0.3936341441208845,-0.008284052560892577,0.2166804193747936,-0.12267820159261977,0.006844857333387074,-0.18067308904499532,0.2568186121314926,0.0075274935845839625,-0.22513960228035115,0.33297941377301854,-0.11459238068669692,-0.16103224736512975,-0.03907999974358998,-0.12175263299203001,-0.11609905232912164,0.28877350038135735,-0.1780807264041785,-0.13833581943298584,0.30934069806142644,-0.11637259961799172,-0.13050282236526015,0.19053303761083448,0.10448598311421813,0.28583895063007053,-0.1848166801312497,-0.1885331022854787,-0.18296847180504433,-0.11315126614877855,-0.16541281175739048,-0.1901455663127953,0.438420428776885,0.09188096033951355,-0.18122171017484393,-0.11750973282835468,0.006592030921567936,-0.19409057174195174,0.4093521799433757,-0.20310761192318857,-0.008122752406118674,-0.06416776242719384,-0.1484607603755778,0.30435008474545583,0.07611161889257181,-0.019178650315947444,-0.14316518833365663,-0.14702950314275473,0.4388980684023127,0.5048473978321515,-0.19543053152177225,-0.11422559599289057,-0.12734507139018247,-0.1813182321601031,-0.1923215692500869,-0.018626311509788527,0.07311631499799581,-0.15913352290776203,0.26745545487864153,0.07335649446496267,0.08834932073454557,0.1128321407703668,-0.22982853603651815,-0.015090049567047388,-0.1957927404898865,0.3719184610565649,-0.24120321005057008,0.4059675804445843
0.2352202236494533,1.0000000000000002,0.11505158732236234,-0.11334738841164606,0.2719085576772609,-0.09665340603471476,-0.19316382109166244,-0.1654558381364807,-0.20093121780800297,-0.05873690516285548,0.27087042905161335,-0.07946483611908475,0.19827525806747492,-0.1543991267198336,0.33497350868264136,0.033325506932150854,-0.12984039719340862,-0.10167797920178845,-0.06962391790264592,-0.11782313894159355,-0.07059914841892964,-0.12669083864718012,-0.18817016624006563,-0.15671126680954894,-0.12046014466127612,-0.07325217513134705,-0.07287394540873655,-0.07225738337693571,0.15800673783756997,-0.1974801985604688,-0.18478195585193904,0.38703204128872404,0.3139827718879171,-0.0153726828494166,-0.11944268107192897,-0.18186108383178393,-0.14946648723601988,-0.07395345164455996,-0.07440690788218705,-0.10748539917924417,-0.15967730038991482,0.0005536393923320231,-0.07578718711330489,0.14136197506528075,-0.11646751999106222,0.12234451866567012,-0.17174005048981517,-0.08528577828543357,0.10493770653395627,-0.16258556538514649,0.008079397846267808,0.08304488405377779,-0.0760819681428391,-0.0851404805955446,-0.13093353951548967,-0.1371026493000364,-0.1745514643868982,0.0925642733010189,-0.07582728746210694,-0.13379494131754205,-0.07916745307751169,-0.08564176753429187,0.4322950579857812,0.07520537215047775,0.08148940558515767,-0.20527370560199776,0.06419527370314278,-0.1869457494161746,-0.13963404580017347,-0.10139357352596567,-0.22308665072422063,-0.10304475917837355,0.30911163853087725,-0.17464798533571663,0.5249340287567225,-0.1384298420635923,0.3099883895429479,-0.09081193621030381,-0.1408572663227708,0.14193142170102674,-0.12725364020151153,-0.13454376301333063,0.1579487429969928,-0.18728862290903125,-0.08178743535013219,-0.11469587292595544,-0.19815348077090927,-0.08955473649254972,-0.08335401527936127,-0.17184254865676502,0.3660819969636994,-0.09831292209447642,0.18402502235525164,-0.08357225080421182,-0.08992034372701249,0.22261084789967145,-0.16358305084056113,0.1803951671145105,-0.14017614201983752,-0.1366890055602482,0.30958391214115755,-0.07985374225344706,0.13526659087545784,-0.14585879006701127,0.018166713408480372,-0.10414458367914013,-0.12872228321075566,-0.08447956294724233,0.05994896013875144,-0.14249623424518235,0.31704881538565394,0.08005897040377154,-0.10950716729443044,-0.11699460212776974,0.038461932415279204,-0.01745278829469508,-0.13906428761721024,0.06931015677653567,-0.10271165255729203,0.11786142751846651,0.720404952266809,0.5313805005920925,0.18025181848747554,-0.08061295294773123,-0.09482907469377172,0.33357713709066356,-0.14745047883520285,-0.14919237961487802,0.061652463400404346,-0.11969041091953071,-0.09499177860701115,-0.08084749261028325,0.07028599887713928,0.17367512698269885,0.24759663416763075,-0.07940819984155638,-0.07115484014274023,0.14899896303490426,0.14847000299550783,0.17602176594370028
-0.30018071165070354,0.11505158732236234,1.0,-0.1776944351374257,-0.2383615590662833,0.14862321600983555,-0.21425047329625543,0.3231715424075369,-0.0641459484072659,0.27708927204920253,-0.2633209663396281,-0.06608734664575139,0.5068726223830398,-0.2918089513451065,0.34844448024429037,-0.09472394676763808,0.028954189565265683,-0.33254014723849973,0.4534390925673698,0.056420619556491046,-0.03369605447007092,-0.11709212214173483,-0.10781652999106836,-0.15404642753465975,0.32458451243641395,0.35820695988394036,-0.03246523857612651,-0.03193387836915882,0.11990822073076932,-0.215676302984427,-0.19543093609652148,-0.18500787604741903,0.42510572676326724,-0.19598294854599232,0.07587654374251544,-0.19908873535620014,0.013052099871310733,-0.030606938994284794,-0.03083313292792097,-0.09473404219888515,-0.17092088315890452,0.042220918713429985,0.35950707377541935,0.037090158524864414,-0.08823486489297484,-0.09402228538467651,-0.17369544066141063,-0.06171282643909325,-0.15475745994287102,-0.1507587834773292,-0.11877323566044462,-0.24829837373882013,-0.029043057771928588,-0.03618124040759854,-0.09908629511980471,-0.11960869926195496,-0.17285540471225266,-0.1360378019873111,-0.028117355516349685,0.0321800575273661,-0.03032621263520282,-0.05951176607433993,0.30875699367033715,0.009406298053826367,0.34890547703186003,-0.21491601449916947,-0.15256711622423358,-0.18238408035359144,-0.11895897413836197,0.1906824110808355,-0.15605502314686548,0.27142223759154455,-0.09408180875755903,-0.03479897541033222,-0.12587568047151032,-0.012717541046820753,-0.054217173682723274,0.21270234761204534,-0.11813160069110923,-0.003943662644699749,-0.10419755386954471,-0.11287875857478305,0.1549773297003257,-0.17991890072177547,-0.028382430805165216,-0.09365846585393535,-0.04403248595374101,-0.03433428631440223,-0.029233826363666105,-0.04981030998352548,0.41757679162937245,-0.061544019692483645,-0.2950171175736197,-0.02900127181933742,0.1493571828393088,-0.13124580295682894,-0.15553110276587762,-0.13514207974905273,0.0020785684906691596,0.15457589126589913,0.20804567597554485,-0.024986448211143344,0.22010750503842252,-0.11787875123657608,-0.1477502789492023,-0.06907860801521033,-0.0020999785979912682,-0.028033035743603506,0.02359059300161294,0.3042010986937859,-0.09596440546484686,0.25572745407782244,0.04580144159633019,-0.09335954036696333,-0.07151356307475812,-0.043686736270425956,-0.10855068887878931,0.21603845954028528,-0.06656132689269313,0.08571642465916293,-0.12557636246569578,-0.1857925295463229,0.15347939770521585,-0.023442594927556556,-0.034525840435667185,0.4205313580005202,-0.11747408747706363,-0.09890720913423046,0.14121811880608684,-0.07933521131578852,-0.4286029177210172,-0.2887017212872902,0.1201821599128886,0.06980476867418883,0.4272669543966802,-0.11491918125820001,0.12989328162753347,-0.2683039905076477,0.4838823349656252,-0.35878071620063584
0.12557063774622307,-0.11334738841164606,-0.1776944351374257,1.0000000000000002,0.14647679667440844,0.12023678180392114,0.12703401701162664,-0.31657566648895547,0.22964462896139548,0.06649903384692321,-0.07297431432744708,-0.1650273660164824,-0.30900706805296785,0.1875751676687152,-0.18405013738086023,0.2933281401182254,-0.1510713703397581,0.11701700318994152,0.05555826958096704,0.047700813763756254,-0.12519079621889315,-0.05474255086300539,-0.350128243149451,0.1460431220870123,0.0033867169846114246,-0.1270799499373335,-0.12663135330374028,-0.12604442711340458,-0.1302849235682833,0.2444333768747832,-0.013452895523853002,-0.1489639812477996,-0.2890741234140592,0.08164339128017561,0.058835199252539806,0.24177875075298383,0.15657958453132828,-0.12702354033536992,-0.1274195384015601,0.13898312662402532,0.02681501478176793,0.050186926408743934,-0.12838797661483783,-0.22961016560350955,-0.19855854001307707,-0.025924264508476444,0.02839302487332806,-0.16818844178218656,-0.288332538451887,-0.06378230194900107,0.010254799331138813,0.0628976637383391,-0.12827537085700869,0.040533305618673,-0.21275493552104194,0.21540049951634252,0.008916565964279342,0.17183401380683658,-0.1278634785614134,0.09167550282249003,0.150421593524845,-0.16793578321835662,-0.19598809050450666,-0.09348255391053016,-0.14833045956808358,0.37165626733955914,0.022348587682300892,0.11352372719849997,0.21295970309129522,0.1434294845067593,-0.02576986899409315,0.20481065109034993,-0.20996191398957048,-0.11217203278619561,-0.11227948750213845,0.34771475616455544,0.17914007345499292,-0.1413431098206063,0.15821812858573667,-0.13362861925372013,0.05848694247863393,0.061662051700227996,-0.1079385812944151,-0.159364339791811,0.048704659261588824,0.11739254172384743,0.14131728886478334,0.1976891767586478,-0.13388789742787108,-0.001582200061219332,-0.2355954958521102,0.05309841234588307,-0.12996460710264252,-0.1340012859228339,-0.16723811300497562,-0.2626361798937865,0.10642086904406461,-0.2675841511548563,0.08916987456041743,0.010941031850165506,-0.09231179347628815,-0.13018152351964019,-0.11058722586664103,-0.10006503457597203,0.1619137380045153,0.15219467199941816,0.2247606232510008,-0.13447162893577086,0.25360836199857045,0.13861582351875987,-0.2172341879491745,0.08203293584415794,0.07441605147321276,-0.0073755578032709095,-0.02703963219123039,0.07867326762428282,-0.10240527798355686,-0.2747538981138634,-0.05524488218219521,-0.18607532308774774,0.10154175283748391,-0.030320677248525444,-0.14148278744410492,-0.13038323462574855,0.08198164630635064,-0.23829827575473841,-0.08107452233198166,-0.22583357372044918,0.14158332611358418,0.036860642688292956,0.4114479446259162,0.38324625908910515,-0.27867580768217454,0.08586212894901941,-0.21045627401150158,0.19091399748855234,-0.07270706235144542,0.02408848939489728,-0.3725498491893397,0.014422653401139959
0.17950970865114632,0.2719085576772609,-0.2383615590662833,0.14647679667440844,1.0000000000000002,-0.23461664164645551,0.46248587769386995,-0.19086011746296386,0.2513173401011011,-0.20402878641470726,0.25689736585160206,-0.0947290074070748,-0.24272413689879802,-0.09807830121818756,-0.19441049810890965,0.6629013368318882,-0.15077884765753768,0.46009886541618283,-0.19981734585753358,-0.1340082988711434,-0.08475396172071128,-0.14279858146946198,-0.018294683011033645,0.6000267946166035,-0.14035805678299373,-0.08772950930719445,-0.08742115667721016,-0.08682473023553047,-0.1512183616259111,0.4096485893823614,-0.20465341831788897,0.4997313636126173,-0.16396836145000707,-0.07465844184875689,-0.21617963150522987,-0.20367325320896879,-0.2995836809818224,-0.08887282835147556,-0.08933588286690747,-0.12501065036722275,-0.18082033644585166,-0.18102722654295444,-0.09089619359352331,0.09839923586135718,0.18160054057573013,0.16801291898128876,-0.19102058610915934,-0.10168512596890056,0.20355168898117257,0.22009766195433114,-0.012530780550884715,0.03610093208785623,-0.09142831302257938,-0.10030917097010429,-0.14643331635853257,0.6758413605144721,-0.03123335006572246,0.03267106057683645,-0.09128346690887257,0.052960882008394126,-0.094619859821099,-0.10239197752207779,-0.13052908941051342,0.016308847085430823,-0.16328799479536024,0.3493530567052819,0.19183477981667618,0.24371813831658606,0.6703326845106696,-0.11667537599430343,-0.06737820188992438,-0.11964661732885665,0.4230980422352374,-0.1946454257985856,0.2672539687478547,-0.15772218463217413,0.22108209657991065,-0.10648083719181338,-0.1584983745554431,-0.14806421640740197,-0.1453027453204504,-0.1523391744232963,-0.1862112104450031,-0.03843444762110842,-0.09777124680227295,-0.13305802165034294,-0.22392602604409761,-0.10542502383997239,-0.09936515644306233,-0.19074765827360515,-0.1511655295248328,-0.11561809184670714,0.02153897963234666,-0.09963800953212099,-0.10742948244708136,0.27425740760248685,-0.18432842362615917,0.024265288763305668,0.43774444161218606,-0.15647049156330345,-0.1559086805463502,-0.09614073508871696,-0.13797519208701012,-0.16388199162921865,-0.033508021202625624,-0.12133127914557314,-0.14874551126098043,-0.10077245089880373,-0.00393920393987261,-0.1623276631522206,0.11728339042160069,-0.16727513097574737,-0.1298906610924431,-0.13571614666770784,-0.1257797153343004,-0.0789533985462172,0.07675968049523851,-0.1722952265468184,-0.12011173170554118,-0.12434503284439238,0.44280754929638366,0.29791696715905164,-0.16355385867278302,-0.09719238345506914,-0.111191343635164,-0.15421835238779674,-0.16583890661433776,-0.16628936616619433,-0.15128009752454616,-0.13697793010726705,0.3999710782634693,0.08795329450219949,-0.21651877241884943,0.08366972617966272,-0.1402112047274642,-0.061404115595874574,-0.17049288985368527,-0.2728028341728258,-0.5557209406110132,0.2611461948847775
-0.03835181253778527,-0.09665340603471476,0.14862321600983555,0.12023678180392114,-0.23461664164645551,1.0,-0.21476331338804422,-0.08967609698824265,-0.23191110484681432,0.32968558856769736,-0.047323818816234334,-0.0799705540189027,0.14596807114492624,-0.19740030070285516,0.3404202899859864,-0.05125369687247228,-0.1502081595104983,-0.16005378614331306,0.18079105386621006,0.13451914963644843,-0.05880842643515603,0.37527696394684557,-0.005949040400654668,-0.1648989717317605,0.013765804855652645,-0.06005878630339468,-0.05952777433182193,-0.05894728698268323,0.0820093533134606,-0.21837385477097743,-0.20118624426708404,-0.012304444884426075,0.07769915867263036,-0.201291898294735,0.4884403781373485,-0.20216535150069773,0.011832557889639397,-0.05930108318596452,-0.05965476498011686,-0.10971925610160911,-0.1762803809811103,-0.17588363857278577,-0.060270325751207963,-0.09967211972891121,-0.11050226566507858,-0.2885254088533015,-0.18332242450178932,-0.08124820976153668,0.03821086674025881,0.12289536160417348,-0.2159694864865943,-0.1555618061444039,-0.05979027939423482,-0.0680280649249395,-0.12345668860544697,-0.13746072757683644,-0.1844853954857617,-0.15535794662335173,-0.05923511291838203,0.4385352878234854,-0.06208396367929367,-0.08046409991171061,-0.1072029358588317,-0.16125078427050227,0.2476269657597548,-0.22253710360430604,-0.16931606266668855,-0.19576207529490355,-0.13858789991982828,0.3100491770895085,0.056941441760129545,0.366275868417033,-0.11999973830494692,0.011369821937794995,0.06146790682972503,0.047900539693295906,-0.09170475141491861,-0.0713587899306638,-0.1388981943965232,-0.02137165114418535,-0.12497760172044582,0.39086630681257956,0.3154518851044405,-0.19485860975457672,-0.06267883326616185,0.2155945404544734,0.47714886608676477,-0.06967215896274283,0.04966174478724016,-0.013551857302827838,0.1378615139821967,-0.08831487730843898,-0.30005349476977555,0.04961007459196458,-0.08003656174883342,0.12352184448469414,-0.17052721118773725,-0.15899701321716955,-0.13641734432675554,0.6099762716250345,0.0061239851192203465,-0.06008285436893184,-0.11598399059487927,-0.14152992185824184,-0.16823261852998933,0.5146308319527212,-0.13183616046458146,0.04939443754979814,-0.13182864267425964,0.4405713261258655,-0.12545160941477576,0.13212620095878042,-0.0009764764761903522,-0.11444504040632558,0.053779712624922156,0.012491243253433008,-0.13350271755601603,-0.013626626712562788,-0.09315140389490817,-0.005102319817211013,-0.15017486690719897,-0.20409637606961126,0.21626888363708371,-0.059816422840784436,0.4072052180066832,0.1968654672114835,-0.14229269195090832,0.09940158715970421,0.29444678902294125,-0.10836883086939905,-0.0659993705219142,-0.2384975174721158,0.2702344679559956,0.10314595036639769,0.13688598744840078,-0.09961932829530037,-0.162813574232932,0.17720467116059266,0.21279610462388787,-0.13630523224304578
0.017889865828996987,-0.19316382109166244,-0.21425047329625543,0.12703401701162664,0.46248587769386995,-0.21476331338804422,1.0,-0.16929147287212043,0.30749788626777663,-0.1847177289488688,0.002375299914413297,-0.0030362275763078364,-0.33434874013369603,-0.043611279492296,-0.17732417805822065,0.6181449943707609,-0.1350964753172581,0.5280451164971406,-0.18059084116113075,-0.12524846544569943,-0.08033651279241327,-0.13459662299704586,-0.19518142578828027,0.846846424307633,-0.12633524145014344,-0.0835361399105497,-0.08321037408270367,-0.08257389937746407,-0.14053571521986724,0.5681457419240631,0.08360511442274421,-0.1898868119507051,-0.15132009249142733,-0.04009091493305983,-0.19974782292654905,-0.07802798426366388,-0.0033838764163272336,-0.08478393558111016,-0.08527922654287139,-0.11571318967963837,-0.03827609813709211,-0.16725717932906942,-0.08695705513403068,-0.14732889708937694,-0.12643830449911875,0.01917812572834696,-0.016358538339500288,-0.09415604643669083,-0.17212642059118416,0.2893186216926855,0.22933164390343994,-0.018514365441144508,-0.08754077017657547,-0.09700682727663344,-0.14167450032765366,0.7361020226907374,-0.18332407269626871,0.039577196548195984,-0.08739375645802291,-0.1434772227194795,-0.09095386327272184,-0.0035655929412895505,-0.1248293351123424,0.0438729755710055,-0.15326154148970136,0.5342981182471553,0.06609316152410365,0.4928396443953831,0.7427047732113018,-0.11445510838777437,-0.09274744442269751,-0.11327825830969292,-0.13991414792180734,0.06312724669639978,-0.1648044270565162,-0.147415764595906,-0.1269187846924415,-0.10361251149541519,0.10399048053322087,-0.13724184735992095,0.06882165167629037,-0.1445926115063994,-0.17317161866903144,0.19672626473753954,-0.09435107857090623,-0.06167986784497412,-0.20658515817671547,-0.10249901531397138,-0.09605171819151812,0.31907906654222895,-0.14357092764222198,-0.10940063445849571,0.06436492675995899,-0.09634633492641023,-0.10081196789951602,-0.16950912504183593,0.04470471852898156,0.3722475049095962,0.5352356166108384,-0.1462791444216149,-0.14836209106613038,-0.09263669962698559,-0.12979969953722692,-0.15703230868461593,0.10008406891421724,-0.11511236296045706,-0.13814135977281078,-0.09757139560008134,-0.1382986934662418,-0.15250225702954742,0.16199532674250766,-0.15545074408621193,-0.11892112706346442,-0.05843838256178064,-0.11986076948396346,0.24535360621020497,0.06432897744522685,-0.001451997467214521,-0.11383934985069855,-0.11843530117810977,-0.16654958894947114,0.179793331948364,-0.15374334123105826,-0.09378145260562183,-0.1086673600209676,-0.14671766348108964,-0.15900561121053164,0.2222319327710695,-0.2337217523803564,-0.13171324285406816,0.4805770055714006,0.30972358214913576,-0.3251589876379065,-0.05154197366156907,-0.24752639734679063,-0.009643721511191397,-0.14021740284244594,-0.35878013774219736,-0.6293646857529275,-0.10014154040852626
-0.2452544122540337,-0.1654558381364807,0.3231715424075369,-0.31657566648895547,-0.19086011746296386,-0.08967609698824265,-0.16929147287212043,0.9999999999999999,-0.09608038606601689,0.13878373949678724,-0.2865844502868892,-0.03107885108263199,0.40375785242511164,-0.28539757849254765,-0.038748066983714066,-0.17848403646602265,0.48877702959698033,-0.38627004046418617,0.32251679059767674,0.3891467793673298,0.0022642148919010526,-0.07790180029349622,-0.15629208880944043,-0.1120177082976799,0.07207807478714212,0.3686447564638289,0.22925442435197257,0.005401988222095833,0.04049381422267124,-0.16674348630334943,-0.1485379169418009,-0.13968544225242577,0.2038704667669661,-0.14895625327826065,-0.16630860538415826,-0.14988887744064727,-0.007243710681301224,0.20650043925940953,0.2316664068171843,0.1974162743297411,0.04872161719792264,0.013253878965021332,0.37214543600314304,-0.1523272511311777,-0.047873446578845,-0.015502667096020026,-0.12744550897630227,0.1268259271954421,-0.11006366453881625,-0.105206925539209,-0.15681167983773667,-0.24444770761922668,0.23429501035213154,0.36816437092476006,-0.05733571409597574,-0.07678195281910054,-0.12531558405309132,-0.09232239065186482,0.01218469436262075,-0.0705449445987153,0.010368787696338727,-0.019468836910832222,-0.041780942395684306,-0.09979608627408808,0.2370210558368036,-0.1618383969068767,-0.10602325572792155,-0.13337229521821053,-0.07485006868809628,-0.0033405046388873044,-0.1755379193770911,-0.030719493932565088,-0.05110488588855245,-0.11870721442169374,-0.0796290650503874,-0.08257174150373438,-0.010013303475002337,0.006160973912739367,-0.07321810219406148,0.13567305120803372,-0.0594285544090999,-0.0682793068546542,0.17799738964745976,-0.1297291910887953,0.014141532115020974,-0.049489280427387934,-0.15693551949588583,0.008791019760445364,0.36242326585199836,-0.10486197038231523,0.09354240511011094,-0.01802246376460787,-0.2294838179400576,0.3627343581622873,0.34812229952986706,-0.08453748785183729,-0.10568123114892444,-0.08803413208238263,-0.0673273644623866,0.08936437266777232,-0.0674474293764562,0.24018698067944164,0.09756038899955574,-0.0711382763325462,-0.09836557506536711,-0.02562956195513418,-0.06800564362386434,0.36402484767845106,-0.0677649524963173,0.08324042400991233,-0.05035967433658425,0.06351515244776594,-0.046483367648935944,-0.04799134632967762,-0.02735141721384796,-0.1285317402493687,-0.06099395077775412,0.09460605171165501,0.5459914006246193,0.25623212464471035,-0.07779069483750561,-0.13282190747186143,0.052225011741786606,0.21714751087439224,0.010617451554635102,0.1219743874701138,-0.06966346216684606,-0.0502344451019752,-0.1685986643540317,-0.03384003727377009,-0.5693633438922138,-0.2868177477030007,0.1357865663450774,-0.1285250303382369,0.36557338751956053,-0.10382058087587633,0.43408074882889464,-0.3891503527804182,0.45108199896288603,-0.3774293904552787
-0.15552914856663488,-0.20093121780800297,-0.0641459484072659,0.22964462896139548,0.2513173401011011,-0.23191110484681432,0.30749788626777663,-0.09608038606601689,1.0,-0.11681344187643217,-0.19387647792695323,-0.07876541043109224,-0.220202052227513,0.04656210424638423,-0.1005703180007341,0.28825268036651885,-0.14247588274761794,0.22449520932752257,-0.1947394197116498,-0.11969472658215538,-0.06138650044460617,-0.12778487087098106,0.0638030697716481,0.42973817206287224,-0.12990893013506988,-0.06302500479659384,-0.0625418030323144,-0.06195588245501629,-0.13807867178102895,0.3976470729116629,-0.030380064762680743,-0.18826432341136312,-0.013129631217587532,-0.023819029746629035,0.08324631225544289,0.47293920987026355,-0.1928179697491303,-0.06268810868416859,-0.06306719567879684,-0.10768916662537578,-0.1693908730731421,0.22436457120330705,-0.06389490148201646,-0.054699019931021275,-0.11087999816049435,-0.16663655605812128,-0.011261945339555879,-0.08132436389779933,-0.1652849562953694,0.16824368937646184,-0.03417228896673546,0.10739812917682516,-0.06363900879456298,-0.07204116408103584,0.1337316662994852,0.485255162565104,0.14797735357361147,0.05719541077894053,-0.06317386009978965,-0.13165763044948697,0.3744317371782218,-0.08087077287216668,-0.10796164228013651,0.052736510491289586,-0.019892320033894108,0.4850685303639396,-0.16630130803396087,0.3369701595438493,0.49156399829581754,-0.08624553767564935,0.06894767635988294,-0.09675950967338995,-0.12108130735431458,0.0029529711815950302,-0.1488583297056317,0.3496062235604953,-0.09674080662597272,0.2628997887285321,-0.13780770420226615,-0.13042732518201655,-0.12410083026152129,-0.13186174799745648,-0.10278855916307594,-0.006459709967343903,-0.06730373379963094,-0.1122437812418529,-0.21094550770933848,-0.07445821656218445,-0.0686364535574666,-0.17080038730964875,-0.1293105736995163,0.2989057377669718,-0.1574403285914157,-0.06871123956160438,-0.08179531582577637,-0.15382581405291362,-0.0012500348204629124,-0.15833930018702358,0.509872327886721,-0.13711213287361204,-0.1342095756224045,-0.06491774938050564,-0.0031776804671646724,0.08923184478498021,0.23592725056588285,-0.09646692209152732,0.49461865410766387,-0.06902168892895964,-0.1293209475003128,-0.14222565653566105,-0.12726457328956176,-0.14869567762417507,-0.10914546381699171,-0.11373233214418378,-0.10021147954885501,-0.05491421967220806,0.09944434225284668,-0.1515263146179474,-0.09469598683094768,-0.09808725464449898,-0.14978870486935644,-0.20026517585906836,-0.14294128308611004,-0.0649450222854268,-0.07810360946329031,-0.13098572301416048,0.09120042464802872,-0.13645458876810956,-0.0996647415800963,-0.11028371104190007,0.35109293969286853,0.22110887752785127,-0.3358770313001045,0.09754189751551214,-0.10831138938914435,0.4839082158618464,-0.03452323044335089,-0.24064150681771104,-0.4078407595540109,-0.1606827477723786
-0.1496680949553012,-0.05873690516285548,0.27708927204920253,0.06649903384692321,-0.20402878641470726,0.32968558856769736,-0.1847177289488688,0.13878373949678724,-0.11681344187643217,1.0,-0.2976394321993604,-0.053308845202680886,0.2168292283159123,-0.2156188201193992,0.3557286791365747,-0.08195529337533233,0.25941049257088844,-0.20335013766977142,0.6095770135037815,0.44988444871913286,-0.028516065533733616,0.12038121770946554,-0.17462560987030265,-0.13411423222870522,0.2152053914831887,-0.02847327023354019,-0.02779618882620573,-0.02724485213410247,0.04726829586787288,-0.18516346702575504,-0.16851885375422085,-0.16144357086160127,0.03701558305033941,-0.16866395541576848,0.2507478025023898,-0.16877446762668377,0.17805324769974426,-0.026355283664896322,-0.026618420259923774,0.11232628034532649,-0.14356119820668337,0.12069437785555794,-0.026527381988609412,-0.17200442694162982,-0.07789930659048515,-0.08187449657351585,-0.15008426545008308,-0.05045264920007511,-0.1354669795121244,-0.13222196687978813,-0.17982281836496639,-0.2643087308397553,-0.025326391691779318,-0.0328313871403213,-0.08930255220752233,-0.10436678192800976,-0.14985708316549823,-0.1211803936283255,-0.024490772356691642,0.11294837946289207,-0.026893011766464848,-0.04861053974894394,0.18280620639869585,-0.1267262263774391,0.03338013051514426,-0.18528152656922275,-0.1339759044491327,-0.1596393532685445,-0.10417235813493983,0.34667483287104944,-0.07893573056169144,0.21676546442488542,-0.08465100621439617,-0.039241500282331025,-0.11245475905858868,0.08158321076148144,-0.05249682254418912,-0.03397585569942589,-0.10364931798556416,0.05604363123839225,0.16494387231324284,-0.09818794990319746,-0.059336210659891586,-0.1575530423490967,-0.02560754537498717,-0.0789643736655933,0.13756275849596364,-0.03188441817398719,-0.026573044301337806,0.014856064047577291,-0.09410666537046347,-0.052567511884434634,-0.2551321913862211,-0.026404984085506254,-0.044608035739453,-0.1173525562463652,-0.1335661870121652,-0.12136547811929528,-0.09975743888184946,0.22113373928541535,0.10454009174093688,-0.022397416548645868,0.28894669088034364,-0.10429289376379655,-0.13004253848683162,0.157680113809258,-0.09639859282449376,-0.02570520456859102,0.059353162723200716,0.125752474984104,-0.08739599416833937,0.17265942173280874,0.18400824173262587,-0.07896181346635645,-0.062303943717040774,0.03995672909414172,-0.09542847340130908,-0.11615542864596376,0.2581318371296405,0.14905434268279324,-0.1119553634761068,-0.16402156697733664,-0.10808435448522939,-0.021183114191084863,-0.032818751174157904,-0.09402061761768955,-0.10404218853940946,-0.09201542656361318,0.12881042239597573,-0.07061127465224988,-0.16361631906648172,-0.2309484708029584,0.2598429972580912,0.09637201997664638,0.10147280946833956,-0.10191640035505761,0.10418478373178089,-0.07852946714206543,0.20077742216890995,-0.2605728412723548
0.571366884614126,0.27087042905161335,-0.2633209663396281,-0.07297431432744708,0.25689736585160206,-0.047323818816234334,0.002375299914413297,-0.2865844502868892,-0.19387647792695323,-0.2976394321993604,1.0,-0.1551882804008544,-0.1363808916972781,0.1607389247374143,-0.18804359423182457,-0.003680249499109126,-0.23117624451517713,0.3236413538755376,-0.29450268995611123,-0.20158765726722272,-0.1437616442931757,0.13816834794493424,0.19897550049058987,-0.10689877137586806,-0.21737070981487341,-0.14853695330048355,-0.14844585706912752,-0.14782017380265186,-0.05378326713639667,-0.30889436672542797,-0.19110193937649853,0.5228850989160687,-0.10440738476211796,-0.15115136548229896,-0.05208031686119765,-0.15143753042705688,0.23845317286571535,-0.15161574293284208,-0.15219984252679367,-0.1962080168207499,-0.26702396490618946,-0.10484102956633626,-0.15474591671451712,0.408085968206084,0.3053082640256498,0.5758722035247092,-0.27420402864226234,-0.16788684019522992,0.4489355270024061,-0.03257196543466458,0.06523475736070754,0.2812542894359515,-0.15630362532675812,-0.1660786694366591,-0.21693559015953803,-0.22846290253166116,0.015117448579476717,-0.05458863191963479,-0.15656361431278437,-0.044210834441739386,-0.16048240512205533,-0.17009739177313754,-0.2006864659130049,0.2482474412238409,0.08080384654565069,-0.1899562704619729,0.44492728537602755,-0.2939949723336066,-0.23320744921005512,-0.18579225539937058,0.08637191996256953,-0.18979541318355164,0.2764493274297279,0.21294354699331794,0.31979254366173937,-0.08990305814511848,0.1303952658557374,-0.17530131860773052,0.12922939999998004,-0.06975270740873302,0.11795916455952334,-0.0245929682901337,-0.013117007811149151,0.42263657291360923,-0.16627958868054935,-0.20897836299989092,0.062355363357751555,-0.17484564565083469,-0.16826371766712608,0.30933415118223545,-0.0775673951610188,-0.1881971455643745,0.34815548654617623,-0.1687992880097264,-0.17948568257761485,0.3533011913742087,0.2079805778322096,0.37552482713863405,-0.23736205926898754,-0.2388167212165238,-0.03531864424826159,-0.16555126354137836,-0.21572498652694355,-0.24378354620951365,0.307946518922667,-0.19407120924444338,-0.23075104835989588,-0.1710263448524376,-0.07552106163222455,-0.10908324801450361,0.2726140216917152,-0.09278013517594044,-0.21085688111737885,-0.21342837655820746,0.015513970129517217,0.36007388977720106,0.21516283596498875,0.06294710640653059,-0.19348470412285101,-0.19875161489913873,0.32556480020161527,0.5055519278715148,0.06589722578268559,-0.1679405833643573,-0.18355367772685327,-0.04172701027783012,-0.2473754813616187,0.2512235755638316,0.38635920460599865,-0.212805321154569,0.1585091683727473,-0.05597357697071283,0.18457711947621436,0.09085940529992169,-0.01740629737730038,-0.0759798508663803,-0.21911754389250718,0.4036128739817264,-0.13220973578361903,0.500583179247552
-0.11868162025572432,-0.07946483611908475,-0.06608734664575139,-0.1650273660164824,-0.0947290074070748,-0.0799705540189027,-0.0030362275763078364,-0.03107885108263199,-0.07876541043109224,-0.053308845202680886,-0.1551882804008544,1.0,0.060017293536069403,-0.14620750360990498,-0.04781056050136757,-0.08327269539753165,-0.010439968468860018,0.23844130228183294,-0.04438865057434581,-0.01500228140228488,0.03538991164526804,-0.023556712887053816,-0.07701854169553804,-0.05155207595680761,-0.003338283668803008,0.036245398036028366,0.03725054394289121,0.03797717245347041,-0.023044338213433276,-0.07818264611099515,-0.06954806742902395,-0.07173553420899276,-0.02869808128308175,-0.06846071807433868,-0.06438531811942398,-0.05729970291402328,-0.10907430000987224,0.03994437572389095,0.03964636613971596,0.006963898656756579,-0.03567039500345153,-0.035805850029287586,0.04020822896660071,0.17900895279695078,-0.007252104548951183,0.21795093321891335,-0.055576515286333936,0.028041179335230544,-0.05061734711823746,-0.04702773845684506,-0.07332754003499543,-0.12131011294212497,0.042268922013733765,0.032675383347873184,-0.021013442022203937,-0.02437286824712473,-0.05478025722066032,-0.04543406461610794,0.04356282818202738,-0.018030153766280435,0.04062666433090446,0.9951139243721283,-0.0003479813446465662,-0.03857942424585577,-0.02525391437647562,-0.07387831555721121,-0.04751841938004533,-0.06555980181661293,-0.02322228919501347,0.01958082338293732,-0.0924479071874035,0.01438285189598107,-0.013986563446190712,-0.04970767670219746,-0.033887019737187975,-0.015121156393407114,0.009132034766203815,0.03258324765492381,-0.02203558416236346,-0.0032393973421871287,-0.005159372729670437,-0.015018792436449052,-0.030214762415189965,-0.06196022753944309,0.0435345545951694,0.3328097312930933,-0.04842192969849493,0.0356391360655626,0.04243362113776756,-0.0482077521018232,-0.009923089768965101,0.42289153947444297,-0.11639580981750726,0.042776516412687066,0.0365459935800146,-0.03817647900851436,0.21055102311994953,-0.042963016375892116,-0.01668707419691939,-0.008211251408120651,-0.014960703027613678,0.048192199973598276,0.00734869462556014,-0.022216285838376645,-0.04016354811845348,0.01912617594877696,0.001399860690332043,0.04420314474524784,0.0015541454109729955,-0.012879367210280194,-0.015465859423378456,-0.010887391383273545,0.02488416872560899,0.36507363254367503,0.01595088557837813,-0.062307748136603995,-0.010753941383218363,-0.022735937908103854,0.02250577464949227,0.01964653139965821,-0.030228500904723905,-0.06725975042355999,-0.012213345697325535,0.0503986267926843,0.035795501212862194,-0.008218293832386526,-0.020556314936964977,-0.020740237546566818,-0.07259268042670224,0.006230122563393034,0.07112506815848166,-0.012451490984869104,0.07978478339887973,-0.45635238288341806,-0.20769364391732767,-0.07195645067579179,-0.0680635936838993,0.12870486555999194,-0.0945359221687687,0.15369964131932837
-0.17864572903758721,0.19827525806747492,0.5068726223830398,-0.30900706805296785,-0.24272413689879802,0.14596807114492624,-0.33434874013369603,0.40375785242511164,-0.220202052227513,0.2168292283159123,-0.1363808916972781,0.060017293536069403,1.0000000000000002,-0.4768656127288481,0.3147320490079393,-0.14002422236964027,0.17261676018306596,-0.5269084032410203,0.30589440276551866,0.07618637233915826,-0.0674485266361799,0.08686492132381102,-0.11586814762084331,-0.24246185595959668,0.1667159127015348,0.23496118310133357,0.13582675992522927,-0.06504250986541593,0.42284726253220317,-0.33987828162868083,-0.3077390674031324,-0.09212960366380625,0.460150689818498,-0.2165012588312033,0.05058474823013273,-0.2570352613323937,-0.12028614654538368,-0.06317971507221272,0.13761232634803613,0.2109158094961447,-0.27974124797292343,-0.0384933637506307,0.23756505976448064,0.03375800080587941,-0.14452521842988098,-0.11114987895275492,-0.27508976443832617,-0.1141958480786423,-0.12491915687393394,-0.07194273414199925,-0.2458121651230451,-0.28040024047311496,0.13956031263348811,0.1275519747015012,-0.15698891827984918,-0.19266704784117702,-0.2734973186938536,-0.21184778114525485,-0.05982704975166816,0.0034191735185045077,-0.06225657326050312,0.051126714694798764,0.38652232521352864,-0.090330760034168,0.39648505191927946,-0.3392203190576348,-0.10845578077305697,-0.28501861225282454,-0.191608305881554,-0.07998809411672854,-0.2572267989792577,-0.12591565368993451,-0.15093282675654146,0.04536300204722022,0.02986719440723064,-0.21248382981782915,-0.08892846515907539,0.15927668219689953,-0.190408626685896,0.26613808805155476,0.01600643143591695,0.22539360590479468,0.494067420433318,-0.16226510811999956,-0.05952079953214932,0.017748770343608805,0.008978133362356736,-0.06623604025041938,0.24600226778109893,-0.24086021325085336,0.38117226971729123,0.019258418822802728,-0.426216506398844,0.2462284789259908,0.05420990558881191,-0.04671949852368665,-0.17154109104358575,-0.21026935841864877,-0.07840022103287689,0.11746809871629128,0.4270984120774533,0.14393467299401272,0.23365845642159044,-0.1892100160488325,-0.23410261678274896,0.20536482304347656,-0.09253025431269335,0.24716706677397143,0.10219638594828288,0.07993480926564281,-0.1527208510787842,0.13636827378543254,0.05681804442363207,-0.16103254699689554,0.28437049524926544,-0.18617581331892297,-0.011651977339280199,0.15845008062209828,0.19837635595293443,0.3598351082119952,-0.06815722874415481,-0.18389377066857096,0.38822440940317365,-0.05338202131164319,0.1954791958338737,0.3721365517476858,-0.18893652585897627,-0.021225969317374548,0.1318079012864871,-0.13322229097040503,-0.48173990763315827,-0.4422148321747543,0.2697290566056354,0.14173983808723592,0.425626455065409,-0.21090628510630632,0.24966791627481766,-0.1558583811982589,0.5357161254343605,-0.3160804602116066
